
 846 1100010
  17193 111
! 123 000010000
" 1265 011001
$ 1 0000100100000110
( 7 0000000110011
) 7 0000000111110
, 1064 000001
- 346 10011001
. 1584 110000
0 40 10011000010
1 28 00000001101
2 24 00000000001
3 12 000000000100
4 8 0000100100001
5 7 0000000111111
6 8 0000100100010
7 6 0000000001010
8 3 00000001100100
9 9 0000100100011
: 106 000000010
; 42 10011000011
? 156 000010111
A 236 00000011
B 135 000010001
C 44 10011000101
D 23 00000000000
E 32 00000010111
F 42 10011000100
G 36 10011000000
H 105 000000001
I 699 1001101
J 6 0000000001011
K 1 0000100100000111
L 14 000000011110
M 35 00001001001
N 38 10011000001
O 71 0000100110
P 13 000000011000
R 2 000010010000001
S 59 0000001010
T 285 00001010
U 3 00000001100101
V 2 000010010000010
W 111 000000100
Y 94 1001100011
Z 1 000010010000000
[ 26 00000000011
] 28 00000001110
a 5353 1000
b 847 1100011
c 1396 100111
d 2715 10010
e 9114 010
f 1318 011011
g 1241 011000
h 4409 0010
i 4323 0001
j 70 0000100101
k 600 0110100
l 3169 10101
m 1801 110010
n 4498 0011
o 5160 0111
p 1195 000011
q 71 0000100111
r 3799 11010
s 4218 11011
t 6692 1011
u 1917 110011
v 673 0110101
w 1526 101001
x 150 000010110
y 1498 101000
z 30 00000010110
